# DW1000 CIR capture - initialising
# DEV_ID (before)      : DECA - model: 1, version: 3, revision: 0
# PMSC_CTRL0 (before)  : 0xF0300400
# PMSC_CTRL0 (clks on) : 0xF0308448   RXCLKS=10 FACE=1 AMCE=1
# ACC clock enable  : OK
# DEV_ID (clks on)     : DECA - model: 1, version: 3, revision: 0
# DEV_ID (after)       : DECA - model: 1, version: 3, revision: 0
# Mode: Data rate: 110 kb/s, PRF: 16 MHz, Preamble: 2048 symbols (code #4), Channel: #5
# Waiting for frames...
# FRAME,1,RX_TS,2305830773,FP_INDEX,746.1719,FP_INT,746,RXPACC,876,RXPWR,-54.88,STD_NOISE,88.00,NTM,13,NOISE_THRESH,1144.00,PEAK_IDX,748,PEAK_AMPL,16892,START,696,elapsed_s,0.3645
sample,real,imag,amplitude,amplitude_norm
696,11,-194,194.31,0.22182
697,134,33,138.00,0.15754
698,-16,56,58.24,0.06649
699,-270,-11,270.22,0.30847
700,-250,-89,265.37,0.30293
701,-87,-83,120.24,0.13726
702,-109,-194,222.52,0.25402
703,-48,-379,382.03,0.43610
704,89,-377,387.36,0.44220
705,211,-206,294.88,0.33663
706,94,-54,108.41,0.12375
707,-45,12,46.57,0.05316
708,-85,35,91.92,0.10494
709,-35,33,48.10,0.05491
710,87,129,155.60,0.17762
711,28,195,197.00,0.22489
712,-43,61,74.63,0.08520
713,-119,-144,186.81,0.21325
714,-218,-355,416.59,0.47556
715,-347,23,347.76,0.39699
716,-343,-83,352.90,0.40285
717,-113,-118,163.38,0.18651
718,307,-110,326.11,0.37227
719,497,-171,525.59,0.59999
720,329,-221,396.34,0.45244
721,255,-293,388.43,0.44341
722,444,14,444.22,0.50710
723,-39,519,520.46,0.59414
724,-343,49,346.48,0.39553
725,8,-107,107.30,0.12249
726,291,-78,301.27,0.34392
727,246,156,291.29,0.33253
728,-25,-19,31.40,0.03585
729,-56,-3,56.08,0.06402
730,20,43,47.42,0.05414
731,153,63,165.46,0.18888
732,167,42,172.20,0.19658
733,151,26,153.22,0.17491
734,102,149,180.57,0.20613
735,46,332,335.17,0.38262
736,-2,251,251.01,0.28654
737,103,106,147.80,0.16872
738,129,53,139.46,0.15920
739,139,36,143.59,0.16391
740,97,26,100.42,0.11464
741,26,-21,33.42,0.03815
742,39,-61,72.40,0.08265
743,25,-12,27.73,0.03166
744,147,35,151.11,0.17250
745,376,-434,574.22,0.65551
746,426,-6638,6651.66,7.59321
747,191,-15288,15289.19,17.45342
748,1812,-16401,16500.79,18.83652
749,9465,-10934,14461.62,16.50870
750,11163,9109,14407.86,16.44733
751,8078,14843,16898.78,19.29084
752,10844,13012,16938.26,19.33591
753,10625,13087,16857.05,19.24321
754,2228,14672,14840.20,16.94087
755,-9336,-4406,10323.46,11.78477
756,-1972,-15209,15336.31,17.50720
757,9777,-3626,10427.73,11.90380
758,5316,13414,14428.97,16.47143
759,-3567,10383,10978.62,12.53268
760,-2228,-485,2280.18,2.60294
761,586,-1634,1735.90,1.98162
762,-320,301,439.32,0.50151
763,-2925,1781,3424.56,3.90931
764,-3033,1143,3241.22,3.70003
765,-1504,-425,1562.90,1.78413
766,-2456,-1833,3064.61,3.49841
767,-4927,-3117,5830.18,6.65546
768,-4725,-3694,5997.60,6.84658
769,-1849,-2857,3403.12,3.88484
770,-385,-1119,1183.38,1.35089
771,-514,-162,538.92,0.61521
772,-784,139,796.23,0.90893
773,-578,163,600.54,0.68555
774,-161,353,387.98,0.44290
775,-214,703,734.85,0.83887
776,-770,550,946.26,1.08020
777,-1393,-762,1587.80,1.81255
778,-1411,-2180,2596.79,2.96437
779,-1188,-534,1302.50,1.48687
780,-978,164,991.66,1.13203
781,-453,254,519.35,0.59287
782,348,-98,361.54,0.41271
783,669,-448,805.15,0.91912
784,181,-152,236.36,0.26981
785,-275,333,431.87,0.49301
786,-247,580,630.40,0.71964
787,-478,861,984.79,1.12419
788,-1044,49,1045.15,1.19309
789,-858,-216,884.77,1.01001
790,-375,56,379.16,0.43283
791,-656,-389,762.66,0.87062
792,-1129,-905,1446.95,1.65177
793,-819,-263,860.19,0.98195
794,-469,149,492.10,0.56176
795,-349,-41,351.40,0.40114
796,-150,-508,529.68,0.60466
797,-208,-482,524.96,0.59927
798,-401,46,403.63,0.46076
799,-1072,418,1150.61,1.31348
800,-1107,-259,1136.89,1.29783
801,-301,-909,957.54,1.09308
802,200,-531,567.42,0.64774
803,174,-166,240.48,0.27452
804,-199,-289,350.89,0.40056
805,-541,-595,804.18,0.91801
806,-386,-796,884.65,1.00988
807,65,-926,928.28,1.05968
808,173,-782,800.91,0.91428
809,-41,-432,433.94,0.49537
810,394,275,480.48,0.54849
811,892,225,919.94,1.05016
812,621,-19,621.29,0.70924
813,348,332,480.97,0.54905
814,-571,845,1019.84,1.16420
815,-941,766,1213.36,1.38511
816,-895,1012,1350.99,1.54222
817,-1126,1116,1585.35,1.80976
818,-1484,466,1555.45,1.77562
819,-31,-940,940.51,1.07364
820,519,-434,676.55,0.77231
821,-454,-148,477.51,0.54511
822,-1357,294,1388.48,1.58503
823,-1374,-559,1483.36,1.69333
824,-563,-557,791.97,0.90408
825,-46,-70,83.76,0.09562
826,-184,117,218.05,0.24891
827,-777,9,777.05,0.88705
828,-902,-225,929.64,1.06123
829,-731,-371,819.76,0.93580
830,-1105,-642,1277.96,1.45886
831,-1467,-887,1714.31,1.95697
832,-726,-1141,1352.39,1.54382
833,-64,-1083,1084.89,1.23846
834,-7,-684,684.04,0.78086
835,-193,-291,349.18,0.39861
836,-344,-111,361.47,0.41263
837,-359,-40,361.22,0.41235
838,-251,-99,269.82,0.30801
839,-102,-191,216.53,0.24718
840,-185,-283,338.10,0.38596
841,-506,-507,716.30,0.81769
842,-173,-760,779.44,0.88977
843,745,-410,850.37,0.97074
844,1035,-48,1036.11,1.18278
845,718,385,814.71,0.93003
# END
